2
1.9992
1.9968
1.99281
1.98723
1.98008
1.97137
1.96112
1.94934
1.93607
1.92132
1.90513
1.88753
1.86856
1.84824
1.82663
1.80376
1.77969
1.75444
1.72809
1.70067
1.67224
1.64286
1.61258
1.58146
1.54956
1.51695
1.48367
1.4498
1.4154
1.38054
1.34527
1.30967
1.2738
1.23772
1.20151
1.16523
1.12894
1.09271
1.0566
1.02069
0.985028
0.949682
0.914714
0.880186
0.846156
0.812683
0.779824
0.747633
0.716165
0.685471
0.6556
0.6266
0.598515
0.571389
0.545262
0.520171
0.496151
0.473236
0.451453
0.43083
0.41139
0.393155
0.376142
0.360365
0.345838
0.332569
0.320564
0.309826
0.300358
0.292155
0.285215
0.27953
0.27509
0.271885
0.2699
0.269121
0.269528
0.271103
0.273825
0.277671
0.282617
0.288639
0.295708
0.303799
0.312882
0.322928
0.333906
0.345786
0.358535
0.37212
0.38651
0.401669
0.417564
0.434159
0.45142
0.46931
0.487794
0.506833
0.526393
0.546433
0.566917
0.587807
0.609062
0.630644
0.652513
0.674629
0.696952
0.719441
0.742057
0.764757
0.787501
0.810249
0.832959
0.855591
0.878104
0.900459
0.922616
0.944537
0.966182
0.987516
1.0085
1.0291
1.04929
1.06902
1.08827
1.10701
1.12521
1.14284
1.15988
1.17631
1.1921
1.20724
1.22171
1.23549
1.24858
1.26096
1.27262
1.28356
1.29377
1.30326
1.31201
1.32004
1.32735
1.33393
1.3398
1.34497
1.34944
1.35322
1.35634
1.3588
1.36061
1.36179
1.36236
1.36233
1.36172
1.36055
1.35883
1.35658
1.35383
1.35059
1.34688
1.34272
1.33812
1.33311
1.32771
1.32192
1.31579
1.30931
1.30251
1.29541
1.28803
1.28039
1.2725
1.26437
1.25604
1.24752
1.23883
1.22998
1.22099
1.21188
1.20268
1.19339
1.18403
1.17463
1.16521
1.15577
1.14635
1.13695
1.12759
1.1183
1.10909
1.09998
1.09099
1.08212
1.0734
1.06485
1.05648
1.0483
1.04033
1.03258
1.02507
1.0178
1.01078
1.00404
0.997564
0.991374
0.985475
0.97987
0.974566
0.969565
0.964869
0.960481
0.9564
0.952625
0.949155
0.945985
0.943113
0.940534
0.93824
0.936227
0.934485
0.933007
0.931784
0.930805
0.930062
0.929542
0.929234
0.929127
0.929208
0.929466
0.929887
0.930458
0.931167
0.931999
0.932942
0.933983
0.935108
0.936304
0.937557
0.938855
0.940184
0.941532
0.942886
0.944234
0.945564
0.946863
0.94812
0.949324
0.950464
0.95153
0.95251
0.953396
0.954178
0.954846
0.955394
0.955812
0.956093
0.95623
0.956217
0.956048
0.955718
0.955223
0.954559
0.953722
0.95271
0.951522
0.950155
0.948611
0.94689
0.944992
0.942919
0.940676
0.938264
0.935688
0.932954
0.930067
0.927033
0.923859
0.920554
0.917125
0.913582
0.909934
0.906191
0.902364
0.898463
0.894501
0.890488
0.886437
0.882361
0.878271
0.874182
0.870104
0.866053
0.86204
0.858079
0.854183
0.850366
0.84664
0.843018
0.839515
0.836142
0.832912
0.829838
0.826934
0.82421
0.821679
0.819354
0.817247
0.815368
0.813731
0.812345
0.811222
0.810374
0.809811
0.809544
0.809582
0.809936
0.810616
0.81163
0.812989
0.8147
0.816773
0.819215
0.822033
0.825234
0.828825
0.832812
0.837199
0.841991
0.847192
0.852804
0.858829
0.865269
0.872123
0.879391
0.887071
0.895158
0.90365
0.91254
0.921821
0.931487
0.941526
0.951929
0.962684
0.973776
0.985192
0.996916
1.00893
1.02121
1.03375
1.04652
1.05949
1.07265
1.08597
1.09942
1.11299
1.12663
1.14033
1.15405
1.16777
1.18146
1.19509
1.20862
1.22203
1.23529
1.24837
1.26124
1.27387
1.28623
1.29829
1.31003
1.32142
1.33242
1.34303
1.3532
1.36292
1.37217
1.38091
1.38914
1.39683
1.40395
1.4105
1.41645
1.42178
1.42649
1.43055
1.43396
1.4367
1.43875
1.44011
1.44077
1.44071
1.43993
1.43842
1.43617
1.43318
1.42944
1.42495
1.41971
1.4137
1.40694
1.39941
1.39113
1.38208
1.37228
1.36173
1.35042
1.33838
1.3256
1.31209
1.29786
1.28293
1.2673
1.25099
1.23402
1.21639
1.19814
1.17928
1.15983
1.13982
1.11927
1.09821
1.07667
1.05467
1.03226
1.00946
0.986304
0.962839
0.939099
0.915125
0.890958
0.866641
0.842218
0.817735
0.793238
0.768775
0.744393
0.720142
0.69607
0.672228
0.648665
0.625432
0.602579
0.580156
0.558211
0.536793
0.515952
0.495733
0.476183
0.457348
0.43927
0.421992
0.405554
0.389996
0.375354
0.361664
0.348957
0.337267
0.32662
0.317044
0.308563
0.301198
0.29497
0.289896
0.28599
0.283266
0.281733
0.281399
0.282271
0.284351
0.287641
0.29214
0.297845
0.304752
0.312853
0.32214
0.332601
0.344225
0.356998
0.370903
0.385922
0.402037
0.419228
0.437471
0.456742
0.477018
0.49827
0.520471
0.543591
0.5676
0.592465
0.618152
0.644626
0.671851
0.699789
0.7284
0.757644
0.787479
0.817862
0.848747
0.880089
0.911839
0.94395
0.976371
1.00905
1.04194
1.07497
1.10811
1.14128
1.17444
1.20753
1.24048
1.27324
1.30575
1.33795
1.36977
1.40116
1.43206
1.46241
1.49214
1.5212
1.54953
1.57707
1.60377
1.62957
1.65442
1.67828
1.70108
1.7228
1.74337
1.76277
1.78096
1.79789
1.81355
1.82789
1.8409
1.85255
1.86283
1.87172
1.87921
1.88529
1.88996
1.89321
1.89505
1.89548
1.89452
1.89217
1.88844
1.88336
1.87695
1.86922
1.8602
1.84991
1.83839
1.82567
1.81177
1.79673
1.78058
1.76336
1.74511
1.72586
1.70565
1.68452
1.66252
1.63967
1.61602
1.59162
1.5665
1.5407
1.51427
1.48724
1.45967
1.43159
1.40304
1.37407
1.34472
1.31503
1.28505
1.25482
1.22437
1.19377
1.16304
1.13222
1.10138
1.07054
1.03975
1.00905
0.97849
0.948107
0.917944
0.888045
0.85845
0.8292
0.800335
0.771897
0.743923
0.716452
0.68952
0.663165
0.63742
0.612319
0.587895
0.564177
0.541196
0.518979
0.497551
0.476936
0.457158
0.438235
0.420186
0.403028
0.386776
0.371442
0.357037
0.34357
0.331047
0.319474
0.308855
0.299191
0.290483
0.282729
0.275927
0.270073
0.265161
0.261186
0.258139
0.256012
0.254797
0.254483
0.255061
0.256518
0.258843
0.262024
0.26605
0.270906
0.276581
0.283061
0.290332
0.298382
0.307197
0.316763
0.327066
0.338091
0.349825
0.362253
0.37536
0.389132
0.403551
0.418604
0.434273
0.450541
0.467392
0.484809
0.502771
0.521261
0.540258
0.559744
0.579695
0.600092
0.62091
0.642128
0.663721
0.685664
0.707934
0.730502
0.753344
0.776432
0.799738
0.823235
0.846894
0.870686
0.894583
0.918556
0.942574
0.966609
0.990632
1.01461
1.03852
1.06234
1.08602
1.10955
1.13289
1.15603
1.17893
1.20156
1.22391
1.24595
1.26765
1.28898
1.30994
1.33049
1.35062
1.3703
1.38951
1.40823
1.42645
1.44415
1.46131
1.4779
1.49393
1.50936
1.52418
1.53838
1.55195
1.56485
1.57709
1.58865
1.59951
1.60966
1.61909
1.62777
1.63571
1.64288
1.64927
1.65488
1.65968
1.66368
1.66685
1.66919
1.67069
1.67134
1.67113
1.67005
1.66811
1.6653
1.66161
1.65704
1.6516
1.64528
1.63808
1.63002
1.6211
1.61133
1.60071
1.58927
1.57701
1.56395
1.55012
1.53553
1.5202
1.50416
1.48744
1.47006
1.45205
1.43345
1.41429
1.3946
1.37443
1.35379
1.33275
1.31133
1.28957
1.26751
1.2452
1.22268
1.19999
1.17716
1.15424
1.13127
1.1083
1.08535
1.06247
1.0397
1.01707
0.994615
0.972379
0.950392
0.928685
0.90729
0.886237
0.865555
0.845271
0.825411
0.806
0.787062
0.768617
0.750687
0.733292
0.716449
0.700177
0.684489
0.669403
0.65493
0.641084
0.627876
0.615318
0.603418
0.592187
0.58163
0.571757
0.562572
0.554082
0.546291
0.539202
0.53282
0.527145
0.52218
0.517925
0.514378
0.51154
0.509408
0.507978
0.507247
0.507209
0.507858
0.509186
0.511186
0.513847
0.517158
0.521108
0.525683
0.530869
0.53665
0.543008
0.549925
0.557382
0.565358
0.573831
0.582778
0.592175
0.601995
0.612214
0.622804
0.633737
0.644985
0.656518
0.668306
0.68032
0.69253
0.704905
0.717414
0.730027
0.742715
0.755447
0.768195
0.78093
0.793624
0.80625
0.818782
0.831196
0.843467
0.855574
0.867493
0.879207
0.890695
0.901942
0.912931
0.923649
0.934082
0.94422
0.954054
0.963574
0.972776
0.981654
0.990204
0.998425
1.00632
1.01388
1.02111
1.02802
1.03461
1.04088
1.04685
1.05251
1.05788
1.06297
1.06779
1.07235
1.07665
1.08072
1.08457
1.0882
1.09163
1.09488
1.09796
1.10088
1.10367
1.10633
1.10887
1.11133
1.1137
1.11601
1.11826
1.12048
1.12268
1.12487
1.12707
1.12928
1.13153
1.13382
1.13617
1.13859
1.14108
1.14367
1.14635
1.14914
1.15204
1.15506
1.15821
1.16149
1.16491
1.16847
1.17217
1.17602
1.18002
1.18416
1.18845
1.19288
1.19745
1.20216
1.207
1.21197
1.21705
1.22225
1.22756
1.23296
1.23845
1.24401
1.24964
1.25532
1.26104
1.26679
1.27255
1.27831
1.28405
1.28976
1.29542
1.30101
1.30653
1.31194
1.31723
1.32239
1.32739
1.33222
1.33685
1.34127
1.34545
1.34938
1.35304
1.3564
1.35944
1.36215
1.36449
1.36646
1.36803
1.36917
1.36988
1.37011
1.36987
1.36912
1.36785
1.36604
1.36366
1.36071
1.35715
1.35298
1.34819
1.34274
1.33664
1.32986
1.3224
1.31425
1.30539
1.29583
1.28554
1.27454
1.26281
1.25036
1.23719
1.2233
1.20869
1.19338
1.17737
1.16068
1.14331
1.1253
1.10665
1.08738
1.06752
1.0471
1.02614
1.00467
0.982726
0.96034
0.937548
0.91439
0.890903
0.867131
0.843116
0.818904
0.79454
0.770073
0.745549
0.72102
0.696534
0.672144
0.6479
0.623854
0.600058
0.576563
